Target       | WPDP  | HDP-JC | HDP-Scipy | HDP-Scipy-IQR | N-50  | N-50-IQR | N-100 | N-100-IQR | N-150 | N-150-IQR | N-200 | N-200-IQR
ar1          | 0.582 | 0.727  | 0.73      | 0.0           | 0.702 | 0.016    | 0.706 | 0.016     | 0.712 | 0.025     | 0.71  | 0.023
camel-1.0    | 0.55  | 0.639  | 0.689     | 0.0           | 0.666 | 0.019    | 0.667 | 0.034     | 0.669 | 0.038     | 0.655 | 0.044
ar4          | 0.657 | 0.798  | 0.791     | 0.0           | 0.78  | 0.038    | 0.784 | 0.022     | 0.792 | 0.016     | 0.796 | 0.007
ar5          | 0.804 | 0.902  | 0.901     | 0.0           | 0.853 | 0.109    | 0.863 | 0.153     | 0.861 | 0.05      | 0.847 | 0.113
JM1          | 0.705 | 0.685  | 0.681     | 0.0           | 0.665 | 0.02     | 0.673 | 0.013     | 0.675 | 0.008     | 0.672 | 0.01
skarbonka    | 0.569 | 0.688  | 0.694     | 0.0           | 0.694 | 0.033    | 0.683 | 0.029     | 0.682 | 0.013     | 0.672 | 0.017
poi-1.5      | 0.707 | 0.547  | 0.546     | 0.0           | 0.708 | 0.024    | 0.702 | 0.063     | 0.673 | 0.131     | 0.556 | 0.088
safe         | 0.706 | 0.652  | 0.711     | 0.0           | 0.7   | 0.014    | 0.706 | 0.042     | 0.702 | 0.04      | 0.703 | 0.047
PC5          | 0.954 | 0.806  | 0.806     | 0.0           | 0.948 | 0.012    | 0.946 | 0.021     | 0.944 | 0.034     | 0.926 | 0.041
arc          | 0.67  | 0.701  | 0.7       | 0.0           | 0.672 | 0.012    | 0.67  | 0.016     | 0.679 | 0.042     | 0.653 | 0.044
velocity-1.4 | 0.725 | 0.476  | 0.504     | 0.0           | 0.456 | 0.039    | 0.472 | 0.043     | 0.469 | 0.048     | 0.478 | 0.055
KC3          | 0.609 | 0.678  | 0.663     | 0.0           | 0.635 | 0.054    | 0.657 | 0.018     | 0.661 | 0.015     | 0.659 | 0.013
apache       | 0.714 | 0.664  | 0.646     | 0.0           | 0.663 | 0.023    | 0.639 | 0.024     | 0.639 | 0.02      | 0.639 | 0.026
JDT          | 0.795 | 0.693  | 0.683     | 0.0           | 0.724 | 0.055    | 0.714 | 0.058     | 0.72  | 0.052     | 0.724 | 0.065
PDE          | 0.684 | 0.726  | 0.673     | 0.0           | 0.667 | 0.046    | 0.667 | 0.044     | 0.667 | 0.034     | 0.666 | 0.028
ant-1.3      | 0.609 | 0.675  | 0.758     | 0.0           | 0.746 | 0.04     | 0.706 | 0.047     | 0.716 | 0.034     | 0.716 | 0.058
EQ           | 0.583 | 0.747  | 0.736     | 0.0           | 0.762 | 0.021    | 0.766 | 0.014     | 0.749 | 0.007     | 0.749 | 0.01
MC2          | 0.646 | 0.677  | 0.688     | 0.0           | 0.663 | 0.042    | 0.671 | 0.026     | 0.661 | 0.038     | 0.659 | 0.011
ar6          | 0.654 | 0.667  | 0.647     | 0.0           | 0.599 | 0.073    | 0.639 | 0.034     | 0.636 | 0.03      | 0.632 | 0.035
MW1          | 0.612 | 0.63   | 0.721     | 0.0           | 0.702 | 0.03     | 0.705 | 0.021     | 0.711 | 0.015     | 0.718 | 0.012
LC           | 0.575 | 0.638  | 0.642     | 0.0           | 0.646 | 0.012    | 0.643 | 0.009     | 0.643 | 0.01      | 0.643 | 0.01
tomcat       | 0.778 | 0.756  | 0.756     | 0.0           | 0.752 | 0.044    | 0.748 | 0.006     | 0.766 | 0.032     | 0.766 | 0.022
PC2          | 0.748 | 0.884  | 0.879     | 0.0           | 0.808 | 0.049    | 0.874 | 0.012     | 0.879 | 0.019     | 0.877 | 0.031
ML           | 0.734 | 0.651  | 0.692     | 0.0           | 0.647 | 0.038    | 0.643 | 0.009     | 0.659 | 0.026     | 0.657 | 0.03
PC1          | 0.787 | 0.696  | 0.693     | 0.0           | 0.669 | 0.059    | 0.682 | 0.048     | 0.683 | 0.024     | 0.683 | 0.02
xerces-1.2   | 0.624 | 0.5    | 0.489     | 0.0           | 0.482 | 0.003    | 0.484 | 0.007     | 0.489 | 0.004     | 0.489 | 0.006
zxing        | 0.605 | 0.635  | 0.632     | 0.0           | 0.625 | 0.013    | 0.633 | 0.008     | 0.625 | 0.016     | 0.622 | 0.005
PC4          | 0.9   | 0.668  | 0.684     | 0.0           | 0.652 | 0.036    | 0.671 | 0.017     | 0.671 | 0.039     | 0.667 | 0.024
ar3          | 0.574 | 0.823  | 0.836     | 0.0           | 0.821 | 0.043    | 0.828 | 0.007     | 0.831 | 0.011     | 0.832 | 0.007
PC3          | 0.794 | 0.73   | 0.67      | 0.0           | 0.659 | 0.067    | 0.68  | 0.047     | 0.665 | 0.048     | 0.661 | 0.057
xalan-2.4    | 0.755 | 0.661  | 0.66      | 0.0           | 0.681 | 0.033    | 0.685 | 0.023     | 0.67  | 0.027     | 0.672 | 0.016
redaktor     | 0.744 | 0.499  | 0.513     | 0.0           | 0.515 | 0.026    | 0.51  | 0.01      | 0.508 | 0.002     | 0.508 | 0.009
CM1          | 0.653 | 0.704  | 0.653     | 0.0           | 0.648 | 0.031    | 0.649 | 0.022     | 0.653 | 0.011     | 0.648 | 0.027